# Created by Octave 4.0.0, Tue Aug 30 12:41:37 2016 CST <seayoung@seayoung-ThinkPad-X240>
# name: train_error
# type: matrix
# rows: 1
# columns: 10
 0.07891157523241218 0.03322783749764925 0.0949512582513327 0.03964203756128834 0.07614268848348188 0.05279397320052607 0.1280743596116606 0.1307718915969464 0.1944882895406295 0.4358953108162192


# name: validation_error
# type: matrix
# rows: 1
# columns: 10
 0.1544197683793439 0.1090599995765903 0.1701247225678165 0.1156399588154841 0.1484207262343197 0.1172117183986422 0.1904242022216794 0.1915020047347469 0.2517028272434204 0.4877777869951199


