# Created by Octave 4.0.0, Mon Sep 05 14:22:30 2016 CST <seayoung@seayoung-ThinkPad-X240>
# name: train_error
# type: matrix
# rows: 1
# columns: 26
 0.114895890236091 0.1912638327516767 0.1442846524523689 0.2673736491156544 0.1369616381722118 0.2110487684144045 0.2093965291050144 0.1580574733476802 0.2464177870344696 0.276501581246302 0.2024367824179441 0.2783073295120008 0.2436823921044119 0.21763083327835 0.2654976888919587 0.2621021363683266 0.3680265234808073 0.3215042904222213 0.3200974523782635 0.2845070376165743 0.3738124707587787 0.3883370723366737 0.3433665315131789 0.3401404164930099 0.3025999660076976 0.3515249658736472


# name: validation_error
# type: matrix
# rows: 1
# columns: 26
 0.1764955094632093 0.2494883937196145 0.2034447120271447 0.3233040662078443 0.1934204166958581 0.2636819193819516 0.2660548183431686 0.2195339076906284 0.3028618889546717 0.33330579009586 0.2613194037820083 0.3325349557186907 0.301318481165678 0.2734130469095299 0.3220437370314728 0.3134286176403867 0.4183677288256501 0.3742460057551627 0.3722075283533191 0.3391662139420513 0.4238433818848127 0.4387118992379572 0.3953424639217359 0.3912485258108402 0.3566885863069319 0.404062272674149


