# Created by Octave 4.0.0, Tue Aug 30 00:59:10 2016 CST <seayoung@seayoung-ThinkPad-X240>
# name: train_error
# type: matrix
# rows: 1
# columns: 10
 0.00900168768252225 0.04734022431107055 0.09199059468839728 0.1295130894747199 0.0558698412949571 0.06542911905864539 0.08755968977057889 0.09472089410435723 0.1028364874499048 0.04398199854898466


# name: validation_error
# type: matrix
# rows: 1
# columns: 10
 0.8040833127673617 0.3116266055295521 0.239188611998369 0.2333466881724403 0.1489003127472836 0.1400943939915401 0.1567905543700885 0.1622760770195508 0.179884207027982 0.1044023054203376


