# Created by Octave 4.0.0, Wed Aug 31 06:11:05 2016 CST <seayoung@seayoung-ThinkPad-X240>
# name: train_error
# type: matrix
# rows: 1
# columns: 10
 0.05083047460751718 0.1408517006499752 0.1341662116220018 0.1659689652101554 0.1009999480177869 0.1423112088185543 0.2544295325273891 0.2856218875779088 0.4047167011909813 0.2188646555023084


# name: validation_error
# type: matrix
# rows: 1
# columns: 10
 0.1094916066309411 0.2037555350251321 0.1976127022668443 0.2279745375529632 0.1703211189313481 0.2093455336089568 0.3229350399489895 0.3531190675723636 0.4785470447583254 0.2908879082065822


