# Created by Octave 4.0.0, Thu Sep 01 14:42:04 2016 CST <seayoung@seayoung-ThinkPad-X240>
# name: train_error
# type: matrix
# rows: 1
# columns: 10
 2.076592843415064 0.36079329883735 0.3509358936645636 0.1087626368119614 0.1953775384701795 0.1746014721435193 0.08505486335983346 0.1163193459308692 0.1396461051719105 0.09498142412109122


# name: validation_error
# type: matrix
# rows: 1
# columns: 10
 2.146455943157352 0.4527331844640475 0.4054874175550228 0.1730037858893422 0.2553719743451905 0.2340094904647799 0.1466310953067933 0.1756478736631128 0.2023230454635533 0.153143327456037


