# Created by Octave 4.0.0, Fri Sep 02 07:12:51 2016 CST <seayoung@seayoung-ThinkPad-X240>
# name: train_error
# type: matrix
# rows: 1
# columns: 10
 0.04376057071576214 0.1233191692651831 0.06103626683228545 0.1394941416511631 0.1700963309030307 0.05261630893726264 0.1407325348278544 0.1854932090214291 0.1917909410530929 0.1031658464652465


# name: validation_error
# type: matrix
# rows: 1
# columns: 10
 0.1088417038806856 0.18124451121549 0.1222738579750504 0.2040863001662042 0.2283003432900321 0.122720453924229 0.2049290393636226 0.2501168451751903 0.2536310473354633 0.1687402995956159


